1
21
58
75
2
6
3
11

42
189
68
123
274
87
149
142

79
394
358

122
356
420
585
635
485
535

129
863
150
181
140
496
336
178
143

130
131
137
154
191
133
132
164
139
170
343

138
179
146
157

193
205
209
220

240
279
248
295
241
413
255

262
296
337
443
304
654
480
466
397

646
798
815
831
1059
877
937
885
794

700
735
744
951
953
972
757
752
730

751
996
781
942

761
878

784
800
871

813
835
817
889
870

818
819
833
864
858
821
829
859
1015

845
853
895
1024
887

888
934
939
932

995
998
1007
1003
1075

